OTU.ID	A11	A12	A13	A14	A21	A22	A23	A24	A31	A32	A33	A34	B11	B12	B13	B14	B21	B22	B23	B24	B31	B32	B33	B34	B41	B42	B43	B44	B51	B52	B53	B54	B61	B62	B63	B64	C51	C52	C53	C61	C62	C63	C64	C71	C72	C73	C74
AB109770.615.2139	0	0	0	0	0	0	0	0	0	0	0	0	0	0	0	0	0	0	0	111.111111111112	0	0	0	0	0	0	0	0	0	0	0	0	0	0	0	0	0	0	0	0	0	0	0	0	666.66666666667	0	142.857142857143
AB207814.1.1490	0	0	0	0	0	0	0	0	0	0	0	0	0	0	0	0	0	0	0	0	0	0	0	0	0	0	0	1000	0	0	0	0	0	0	0	0	0	0	0	0	0	0	0	0	0	0	0
AB252903.1.1522	0	0	0	0	0	0	0	0	0	0	31.25	0	0	0	0	0	0	0	0	0	0	194.444444444445	0	0	0	0	0	0	0	0	0	0	0	0	0	0	0	0	0	0	0	0	0	0	333.333333333335	0	28.5714285714286
AB264174.1.1473	0	0	0	0	0	0	0	0	0	0	0	0	0	0	1500	0	0	0	0	0	0	0	0	0	0	0	0	0	0	0	0	0	0	0	0	0	0	0	0	0	0	0	0	0	0	0	0
AB294262.1.1402	0	0	0	0	0	0	0	0	0	0	0	0	0	0	0	0	0	0	0	0	0	0	0	0	0	0	0	0	0	0	0	0	0	0	90.9090909090913	0	0	0	0	0	0	0	62.5000000000002	100	0	0	0
AB362767.1.1576	96.7741935483872	166.666666666667	1310.34482758621	1457.14285714286	291.666666666667	1187.5	1038.46153846154	1959.18367346939	515.151515151516	977.272727272728	750.000000000001	564.102564102565	245.901639344262	3637.93103448276	222.222222222223	100	300.000000000001	222.222222222223	0	0	0	500.000000000001	0	0	0	0	0	90.9090909090913	0	142.857142857144	0	125	83.3333333333337	0	0	0	0	0	0	500.000000000002	437.500000000001	190.476190476191	0	0	0	0	85.7142857142858
AB365066.1.1533	0	0	0	0	0	218.75	0	0	0	0	0	0	0	0	0	0	0	0	0	0	0	0	0	0	0	0	0	0	0	0	0	0	0	0	0	0	0	0	0	0	0	0	0	0	0	0	0
AB491963.1.1519	0	0	34.4827586206897	0	0	0	0	20.4081632653061	0	0	31.25	0	0	0	55.5555555555557	0	0	0	0	0	0	0	0	0	0	0	0	0	0	0	200.000000000001	0	0	0	0	0	0	0	0	0	0	0	0	0	0	0	28.5714285714286
AB559667.1.1517	0	0	0	0	0	0	0	0	0	0	0	0	0	0	0	0	0	0	0	0	0	0	0	0	0	0	0	0	0	0	0	0	0	0	0	85.1063829787235	0	0	0	0	0	0	0	0	0	0	0
AB637065.1.1480	0	0	0	0	0	0	0	0	0	0	0	0	0	51.7241379310345	0	0	0	0	0	0	0	0	0	0	0	0	0	0	0	0	0	0	0	0	0	0	0	0	0	0	0	0	0	0	0	0	0
AB672179.1.1470	0	0	0	0	0	0	0	0	0	0	31.25	0	0	0	0	0	0	0	0	0	0	0	0	0	0	0	31.25	0	0	0	0	0	0	0	0	0	0	0	0	0	0	0	0	100	0	0	0
AB745637.1.1513	225.806451612904	133.333333333334	413.793103448276	428.571428571429	125	250	346.153846153847	163.265306122449	30.3030303030303	181.818181818182	62.5000000000001	435.897435897436	278.688524590164	327.586206896552	1166.66666666667	800.000000000004	500.000000000002	222.222222222223	173.913043478261	0	0	111.111111111111	0	1200.00000000001	500.000000000002	76.9230769230772	0	0	90.9090909090913	142.857142857144	100	250.000000000001	333.333333333335	700.000000000003	0	0	0	0	142.857142857143	0	0	142.857142857143	0	0	444.444444444447	0	0
AB986542.1.1371	0	0	0	0	0	0	0	0	0	0	0	0	0	0	1722.22222222223	0	0	0	0	0	0	0	0	0	0	0	0	0	0	0	0	0	0	0	0	106.382978723404	0	0	0	0	0	0	0	300.000000000001	0	0	0
ADCM01000022.93.1598	0	0	0	0	0	0	0	0	0	0	0	0	0	0	0	0	0	0	0	0	0	0	0	0	0	0	0	0	0	0	0	0	0	0	0	255.31914893617	0	0	0	0	0	0	0	0	0	0	0
ADGI01000045.4219.5736	0	0	206.896551724138	0	0	0	0	0	0	0	0	0	0	0	0	0	0	0	0	0	0	0	0	0	0	0	0	0	0	0	0	0	0	0	0	0	0	0	0	0	0	0	0	0	0	0	0
AF001645.1.1525	96.7741935483872	0	0	0	0	0	0	0	0	0	0	0	0	68.9655172413794	0	0	0	0	0	0	0	361.111111111112	0	0	0	0	0	0	0	0	0	0	0	0	0	0	0	0	0	0	0	0	0	0	0	0	0
AF200697.1.1451	0	0	0	0	0	0	0	0	0	0	0	0	377.049180327869	0	0	0	0	0	0	0	0	0	0	0	0	0	0	0	0	0	0	0	0	0	0	0	0	0	0	0	0	0	0	0	0	0	0
AF224288.1.1535	0	0	0	0	0	0	0	0	0	0	62.5000000000001	0	0	0	0	0	0	0	0	444.444444444447	0	0	0	0	0	0	0	0	0	0	0	0	0	0	0	0	0	0	0	0	0	0	0	0	0	0	0
AF280861.1.1535	0	0	0	0	0	0	0	0	0	0	0	0	0	0	0	0	0	0	0	0	0	0	0	0	0	0	0	4818.18181818184	0	0	0	0	0	0	0	1148.93617021277	1375.00000000001	0	0	0	0	0	0	1200.00000000001	777.777777777782	0	0
AGBX01000006.292668.294168	0	0	0	0	0	0	0	102.040816326531	0	0	0	0	0	0	0	0	0	0	0	0	0	0	0	0	0	0	0	0	0	0	0	0	0	0	0	0	0	0	0	0	0	0	0	0	0	0	0
AGYD01000015.142520.144019	0	0	0	0	0	0	0	0	0	0	0	0	0	86.2068965517242	0	0	0	0	0	0	0	0	0	0	0	0	0	0	0	0	0	0	0	0	0	0	0	0	0	0	0	0	0	0	0	0	28.5714285714286
AJ295649.1.1302	0	0	0	0	0	0	0	0	0	0	0	0	49.1803278688525	0	0	0	0	0	0	0	0	0	0	0	0	0	0	0	0	0	0	0	0	0	0	0	0	0	0	0	0	0	0	0	0	0	0
AJ439344.1.1502	0	0	0	57.1428571428572	0	0	0	0	0	0	0	153.846153846154	0	0	55.5555555555557	0	0	0	0	0	0	0	0	0	0	0	0	0	0	0	0	0	0	0	0	0	0	0	0	0	0	0	0	0	0	0	28.5714285714286
AJ440990.1.1550	0	0	0	0	0	0	0	0	0	0	0	0	0	17.2413793103448	0	0	0	0	0	0	0	0	0	0	0	76.9230769230772	0	0	0	0	0	0	0	0	0	21.2765957446809	0	0	0	0	0	47.6190476190477	0	0	0	0	0
AJFB01000674.247.1689	96.7741935483872	0	0	0	0	0	0	0	0	0	0	0	0	0	0	0	0	0	0	0	0	0	0	0	0	0	0	0	0	0	0	0	0	100	0	0	0	0	0	0	0	0	0	0	0	0	0
AM114446.1.1269	0	0	0	0	0	0	0	0	0	0	0	0	0	0	0	0	0	0	0	0	0	0	0	100	0	0	62.5000000000001	0	0	0	0	0	0	0	90.9090909090913	0	0	0	0	0	0	0	0	0	0	0	0
AM697174.1.1481	0	0	0	0	0	0	0	0	0	159.090909090909	0	0	0	0	0	0	0	0	0	0	0	0	0	0	0	0	0	0	0	0	0	0	0	0	0	0	0	0	0	0	0	0	0	0	0	0	0
AM749763.1.1392	0	33.3333333333334	0	0	0	0	0	0	0	0	0	0	0	0	0	0	0	0	0	0	0	0	0	0	0	76.9230769230772	0	0	0	0	0	0	0	0	0	0	0	0	0	0	62.5000000000002	47.6190476190477	0	0	0	0	0
AOKA01000137.3650.5241	0	0	0	0	0	0	0	20.4081632653061	0	90.909090909091	0	25.6410256410257	0	34.4827586206897	0	0	100	0	0	0	0	0	0	0	0	0	0	0	0	0	0	0	0	0	0	0	0	0	0	0	0	0	0	0	0	166.666666666668	0
AOTF01000010.101107.102585	0	0	0	0	0	0	0	0	121.212121212121	0	0	0	0	0	0	0	0	0	0	0	0	0	0	0	0	0	0	0	0	0	0	0	0	0	0	0	0	0	0	0	0	0	0	0	0	0	0
ARMF01000004.652094.653575	0	0	0	0	0	0	38.4615384615385	0	0	0	0	0	0	0	0	0	0	0	130.434782608696	0	0	0	111.111111111112	0	0	0	0	0	0	0	0	62.5000000000002	0	0	272.727272727274	0	0	0	142.857142857143	0	0	0	62.5000000000002	0	0	0	57.1428571428572
AUBC01000058.44.1506	0	0	0	0	0	0	0	0	0	0	0	0	0	0	0	0	0	0	0	0	0	0	0	0	0	0	0	0	0	0	0	500.000000000001	0	0	0	0	0	0	0	0	0	0	0	0	0	0	0
AWSE01000038.3664.5213	0	0	0	0	0	0	0	0	0	0	0	0	114.754098360656	0	0	0	0	0	0	0	0	0	0	0	0	0	0	0	0	0	0	0	0	0	0	0	0	0	0	0	0	0	0	0	0	0	28.5714285714286
AY030334.1.1514	0	0	0	0	0	0	38.4615384615385	0	60.6060606060607	0	0	0	0	0	0	0	0	0	0	0	0	0	0	0	0	0	0	0	0	0	0	0	0	0	0	0	0	0	0	0	0	0	0	0	0	0	0
AY080982.1.1553	64.5161290322581	0	0	0	0	0	0	0	0	0	0	0	0	0	0	0	0	0	0	0	0	0	0	0	0	0	0	0	0	0	0	0	0	0	0	0	0	0	0	0	0	0	0	0	0	0	0
AY138993.1.1524	0	0	0	0	0	0	0	0	0	0	0	0	0	0	222.222222222223	0	0	0	0	0	0	0	0	0	142.857142857143	0	0	0	0	0	0	0	0	0	0	127.659574468085	0	0	0	0	0	0	0	0	0	166.666666666668	0
AY491594.1.1631	0	66.6666666666668	0	0	0	0	0	0	0	0	0	0	0	34.4827586206897	222.222222222223	0	0	0	0	0	0	0	0	0	0	0	0	0	0	0	0	62.5000000000002	0	0	0	0	0	0	0	0	0	0	0	0	0	0	0
AY792283.1.1480	0	0	0	0	0	0	0	20.4081632653061	0	0	0	0	0	0	55.5555555555557	0	0	0	0	0	0	0	0	0	0	0	0	0	0	0	0	0	0	0	0	0	0	0	0	0	0	0	0	0	0	0	0
AY958926.1.1506	0	0	0	0	0	0	0	265.30612244898	0	0	0	0	0	0	0	0	0	0	0	0	0	0	0	0	0	0	0	0	0	0	0	0	0	0	0	0	0	0	0	0	0	0	0	0	0	0	0
AY960780.1.1429	0	0	0	0	0	0	0	0	0	0	0	128.205128205128	0	0	0	0	0	0	0	0	0	0	0	0	0	0	0	0	0	0	0	0	0	0	0	0	0	0	0	0	0	0	0	0	0	0	0
AY963437.1.1523	0	0	0	0	0	0	0	0	0	0	0	0	0	0	0	0	0	0	0	111.111111111112	0	0	0	0	0	0	0	0	0	0	0	0	0	0	0	0	0	0	0	0	0	0	0	0	0	0	57.1428571428572
AYZN01000032.115.1658	0	0	0	0	0	0	0	0	0	0	0	128.205128205128	0	0	0	0	0	0	0	0	0	0	0	0	0	0	0	0	0	0	0	0	0	0	0	0	0	0	0	0	0	0	0	0	0	0	0
BBHE01000968.162.1691	0	0	0	0	0	0	0	122.448979591837	0	0	0	0	0	0	0	0	0	0	0	0	0	0	0	0	0	0	0	0	0	0	0	0	0	0	0	0	0	0	71.4285714285717	0	0	0	0	0	0	0	0
BBPC01190614.7148.8812	0	0	0	85.7142857142858	166.666666666667	31.25	0	81.6326530612246	60.6060606060607	68.1818181818182	31.25	128.205128205128	0	0	0	0	0	0	0	0	0	0	0	0	0	0	0	0	0	0	0	0	0	0	0	0	0	0	0	0	0	0	0	0	0	0	0
BBPI01000114.335.1824	0	0	0	0	0	0	0	0	0	0	0	0	0	17.2413793103448	0	2200.00000000001	0	0	0	0	0	0	0	0	0	0	31.25	0	0	0	0	0	0	0	90.9090909090913	0	250.000000000001	0	0	0	0	0	0	0	444.444444444447	0	0
BCWL01000265.646.2166	0	0	34.4827586206897	0	0	0	76.923076923077	0	0	0	0	0	0	17.2413793103448	0	0	0	0	0	0	0	0	0	0	0	0	0	0	0	0	0	0	0	0	0	0	0	0	0	0	0	0	0	0	0	0	57.1428571428572
CAJU020000019.27308.28816	0	0	0	0	0	0	0	183.673469387755	0	0	0	0	0	0	0	0	0	0	0	0	0	0	0	0	0	0	0	0	0	0	0	0	0	0	0	0	0	0	0	0	0	0	0	0	0	0	0
CATO01000049.63.1649	0	133.333333333334	34.4827586206897	85.7142857142858	0	93.7500000000001	0	40.8163265306123	30.3030303030303	90.909090909091	156.25	76.923076923077	0	68.9655172413794	0	0	0	0	0	0	0	0	0	0	0	0	0	0	0	571.428571428575	0	0	0	0	0	0	0	0	0	0	0	0	0	0	0	0	0
CCPS01000022.154.1916	1258.06451612903	466.666666666667	1965.51724137931	8257.14285714287	2125	2531.25	2346.15384615385	5551.02040816327	2818.18181818182	2409.09090909091	2687.5	1564.10256410257	163.934426229508	9793.10344827587	722.222222222224	0	800.000000000004	0	0	444.444444444447	0	750.000000000001	0	0	142.857142857143	0	1468.75	0	0	142.857142857144	0	0	0	0	0	0	0	0	0	0	1062.5	0	0	0	0	0	0
CP001965.357388.358915	0	0	0	0	0	0	0	20.4081632653061	0	0	0	0	0	0	0	0	0	0	0	0	0	0	0	0	0	0	0	0	0	0	0	0	0	0	90.9090909090913	0	0	0	0	0	0	0	0	400.000000000002	0	0	0
CP002739.60209.61784	0	0	34.4827586206897	28.5714285714286	41.6666666666667	31.25	0	0	0	0	0	0	98.360655737705	0	0	0	0	0	43.4782608695653	111.111111111112	166.666666666668	0	0	0	0	0	62.5000000000001	181.818181818183	181.818181818183	142.857142857144	0	0	83.3333333333337	0	90.9090909090913	0	125.000000000001	0	142.857142857143	100	62.5000000000002	0	62.5000000000002	0	0	0	85.7142857142858
CP003851.30965.32521	0	0	0	0	0	0	0	0	0	0	0	0	0	0	0	0	0	0	0	0	0	0	0	0	142.857142857143	0	0	0	0	0	0	0	0	0	0	0	0	0	0	0	0	0	0	0	0	0	0
CP009312.1832900.1834429	0	0	0	0	0	0	0	0	60.6060606060607	0	0	25.6410256410257	0	0	0	100	0	0	0	0	0	0	0	0	0	0	0	0	0	0	0	0	0	0	0	0	0	0	0	0	0	0	0	0	0	0	142.857142857143
CP012507.1793487.1795021	0	0	0	0	125	0	0	0	0	0	0	0	0	0	0	0	0	0	0	0	0	0	0	0	0	0	0	0	0	0	0	0	0	0	0	0	0	0	0	100	0	0	0	0	222.222222222223	0	0
CP015906.2140419.2141977	0	0	0	0	0	0	0	0	0	0	0	0	0	0	0	0	0	0	0	0	0	0	0	0	0	0	0	0	363.636363636365	0	0	0	0	0	0	0	0	0	0	0	0	0	0	0	0	0	0
CP016177.2528920.2530487	0	0	0	0	0	0	0	0	0	0	0	0	0	0	0	0	0	0	0	0	0	0	0	0	0	0	0	0	0	0	0	0	0	0	0	0	0	400.000000000002	0	0	0	0	0	0	0	166.666666666668	0
CP019158.175094.176630	0	0	0	0	0	0	0	0	0	0	0	0	0	0	0	0	0	0	0	0	0	222.222222222222	0	0	0	0	0	0	0	0	0	0	0	0	0	0	0	0	0	0	0	0	0	0	0	0	0
CP019688.1235466.1236966	0	0	0	0	0	0	0	0	0	0	0	179.48717948718	0	0	0	0	0	0	0	0	0	0	0	0	0	0	0	0	0	0	0	0	0	0	0	0	0	0	0	0	0	0	0	0	0	0	0
CP019697.1217236.1218781	64.5161290322581	0	0	0	0	0	0	0	0	0	0	0	0	0	0	0	0	0	0	0	0	0	0	0	0	0	0	0	0	0	0	0	0	0	0	0	0	0	0	0	0	0	0	0	0	0	0
CR931997.108684.110210	0	0	0	0	83.3333333333335	0	0	0	30.3030303030303	0	0	0	16.3934426229508	0	0	0	0	0	0	0	0	0	0	0	0	0	0	0	0	0	0	0	0	0	0	0	0	0	71.4285714285717	0	0	0	0	0	0	0	0
CRKN01000054.4139.5702	0	0	0	142.857142857143	0	0	0	0	0	0	0	153.846153846154	0	0	0	0	0	0	0	0	0	0	0	0	0	0	0	0	0	0	0	0	0	0	0	0	0	0	0	0	0	0	0	0	0	0	85.7142857142858
CTEN01000001.315310.316856	0	0	0	0	0	0	0	0	0	0	0	179.48717948718	0	137.931034482759	0	400.000000000002	0	0	0	0	0	0	0	100	0	0	0	0	0	0	100	0	0	0	0	0	0	0	214.285714285715	0	0	190.476190476191	0	0	0	0	0
CVJT01000011.50.2173	32.2580645161291	33.3333333333334	68.9655172413794	57.1428571428572	125	0	76.923076923077	20.4081632653061	60.6060606060607	0	62.5000000000001	25.6410256410257	0	86.2068965517242	0	0	0	0	0	0	0	0	0	0	71.4285714285717	0	0	0	0	0	0	62.5000000000002	0	0	0	0	0	0	0	0	0	0	0	0	0	0	0
CZKG01000048.33782.35294	32.2580645161291	0	0	0	0	0	38.4615384615385	0	0	0	31.25	0	0	0	0	0	100	0	0	0	0	0	0	100	214.285714285715	0	31.25	0	0	0	100	0	0	0	0	0	125.000000000001	0	0	100	62.5000000000002	0	0	100	0	0	0
DQ234192.1.1572	129.032258064516	0	0	0	83.3333333333335	0	153.846153846154	387.755102040817	90.909090909091	113.636363636364	31.25	0	377.049180327869	189.655172413793	833.333333333335	0	100	0	86.9565217391306	444.444444444447	500.000000000004	0	222.222222222223	400.000000000002	357.142857142858	76.9230769230772	312.5	0	181.818181818183	285.714285714288	300.000000000001	125	416.666666666668	100	0	0	0	300.000000000001	642.857142857145	0	0	0	0	0	0	833.33333333334	0
DQ248295.1.1465	0	0	0	0	0	0	0	0	0	0	0	0	0	0	0	0	0	0	0	0	0	0	0	0	0	0	0	0	0	0	0	0	0	0	0	0	0	0	0	200.000000000001	0	0	0	0	0	0	0
DQ316373.1.1526	0	0	0	0	0	0	0	0	0	0	0	0	0	0	0	0	0	0	0	0	0	0	0	200.000000000001	0	0	0	0	0	0	0	0	0	0	0	0	0	0	0	0	0	0	0	0	0	0	0
DQ354732.1.1483	0	0	0	0	0	0	0	0	0	0	0	0	0	0	0	200.000000000001	0	0	0	0	0	0	0	0	0	0	0	0	0	0	0	0	0	0	90.9090909090913	0	0	0	71.4285714285717	0	0	0	62.5000000000002	0	0	0	0
DQ532173.1.1488	0	0	0	0	0	0	0	0	0	0	0	0	196.72131147541	0	0	0	0	0	0	0	0	0	0	0	0	0	0	0	0	0	0	0	0	0	0	0	0	0	0	0	0	0	0	0	0	0	0
DQ870740.1.1288	0	0	0	0	0	0	0	0	0	0	0	0	0	0	0	0	0	0	0	0	0	0	0	0	0	0	0	0	0	0	0	0	0	0	0	0	0	0	0	0	0	0	62.5000000000002	0	0	0	28.5714285714286
DQ905882.1.1619	0	0	0	0	0	0	0	0	0	0	0	51.2820512820513	0	0	0	0	0	0	0	0	0	0	0	0	0	0	0	0	0	0	0	0	0	0	0	0	0	0	0	0	0	0	0	0	0	0	0
EF101307.1.1549	0	0	0	0	0	0	0	0	0	0	0	0	0	0	0	0	0	0	0	0	0	0	0	0	0	0	0	0	0	0	0	0	0	0	0	0	0	0	0	0	187.500000000001	0	0	0	0	0	0
EF492914.1.1482	0	0	0	0	0	0	0	0	0	0	0	0	0	0	0	0	0	0	0	0	0	0	111.111111111112	0	0	0	0	0	0	0	0	0	0	0	0	0	0	0	0	0	62.5000000000002	0	0	0	0	0	0
EF492959.1.1483	0	0	0	0	0	0	0	0	0	0	0	0	0	0	0	0	0	0	0	0	0	0	0	0	0	0	0	0	0	0	100	0	83.3333333333337	0	0	0	0	0	0	0	0	0	125	0	0	0	0
EF517956.1.1666	0	100	68.9655172413794	285.714285714286	41.6666666666667	0	0	204.081632653061	90.909090909091	68.1818181818182	0	102.564102564103	0	241.379310344828	0	5100.00000000002	0	111.111111111112	260.869565217392	1444.44444444445	666.666666666672	805.555555555557	0	0	0	615.384615384618	500.000000000001	0	181.818181818183	142.857142857144	600.000000000003	1437.5	666.666666666669	2000.00000000001	0	0	375.000000000002	400.000000000002	0	0	0	0	0	0	222.222222222223	0	114.285714285714
EF528273.1.1512	387.096774193549	300	1620.68965517242	5200.00000000001	1458.33333333334	1281.25	1230.76923076923	2285.71428571429	1787.87878787879	2931.81818181818	2031.25	2820.51282051282	180.327868852459	8517.24137931035	388.88888888889	100	0	0	86.9565217391306	0	0	1111.11111111111	0	0	428.57142857143	0	750.000000000001	0	0	285.714285714288	0	0	83.3333333333337	0	0	893.617021276597	375.000000000002	0	285.714285714287	0	250.000000000001	285.714285714286	187.500000000001	300.000000000001	333.333333333335	0	342.857142857143
EF688375.1.1509	0	0	0	0	0	0	0	0	0	0	0	0	32.7868852459017	0	0	0	0	0	0	0	0	0	0	0	0	0	0	0	0	0	0	0	0	0	0	0	0	0	0	0	0	0	0	0	0	0	0
EU335319.1.1484	0	0	0	0	0	0	0	0	0	0	0	0	0	0	0	0	0	0	43.4782608695653	0	0	0	0	100	0	0	0	0	0	0	200.000000000001	0	0	0	0	0	0	0	71.4285714285717	0	0	0	125	0	0	0	0
EU344946.1.1473	0	0	0	0	0	0	0	0	0	0	0	0	0	0	0	0	0	111.111111111112	0	0	0	0	0	0	0	0	0	0	0	285.714285714288	0	0	0	0	0	0	0	0	0	0	0	0	0	0	0	0	57.1428571428572
EU344952.1.1491	0	0	0	0	41.6666666666667	0	153.846153846154	20.4081632653061	30.3030303030303	0	31.25	0	0	0	0	0	0	0	0	0	0	0	0	0	0	0	0	0	0	0	0	0	0	0	0	0	0	0	0	0	0	0	0	0	0	0	0
EU680448.1.1502	0	0	0	0	0	0	0	40.8163265306123	0	0	0	205.128205128205	0	0	0	0	0	0	0	0	0	0	0	0	0	0	0	0	0	0	0	0	0	0	0	0	0	0	0	0	0	0	62.5000000000002	0	0	0	0
EU778456.1.1401	0	0	0	0	0	0	38.4615384615385	0	0	0	62.5000000000001	0	0	0	0	0	0	0	0	0	0	0	0	0	0	0	0	0	0	0	0	0	0	0	0	0	0	0	0	0	0	0	0	0	0	0	0
EU797470.1.1498	870.967741935485	533.333333333334	2517.24137931035	3771.42857142858	1541.66666666667	2468.75	2846.15384615385	2408.16326530612	7060.60606060607	7568.18181818183	15031.25	5384.61538461539	0	86.2068965517242	0	0	0	0	0	0	0	0	0	0	71.4285714285717	0	0	0	0	0	0	0	0	0	0	0	0	0	0	0	0	47.6190476190477	0	100	0	0	0
EU861937.1.1481	64.5161290322581	0	0	0	0	0	0	0	0	0	31.25	0	0	0	0	100	100	0	0	0	0	0	0	0	0	0	0	0	0	0	0	0	0	0	0	0	0	0	0	0	0	0	0	0	0	0	0
EU861969.1.1494	0	0	0	0	0	0	0	0	363.636363636364	0	0	0	0	0	0	0	0	0	0	0	0	0	0	0	0	0	0	0	0	0	0	0	0	0	0	0	0	0	0	0	0	0	0	0	0	0	0
EU881119.1.1458	0	0	0	0	0	0	0	0	0	0	0	0	0	0	0	0	0	0	0	0	0	0	0	0	0	0	0	0	0	0	0	62.5000000000002	0	0	0	0	0	0	0	100	0	0	0	0	0	0	85.7142857142858
EU881259.1.1453	0	0	0	0	0	0	0	0	0	0	0	0	0	0	0	0	0	0	0	0	0	0	0	0	0	0	0	0	0	0	0	0	0	0	0	21.2765957446809	0	0	0	0	0	0	0	0	0	0	0
EU939390.1.1546	0	0	0	114.285714285714	0	0	0	0	0	45.4545454545455	0	0	0	0	0	0	0	0	86.9565217391306	0	0	0	0	0	0	0	156.25	0	0	0	0	0	0	0	0	0	0	0	0	0	0	0	0	0	0	0	0
FJ439860.1.1500	0	0	0	0	0	0	0	0	0	0	0	0	49.1803278688525	0	0	0	0	0	0	0	0	0	0	0	0	0	0	0	0	0	0	0	0	0	0	0	125.000000000001	0	0	0	0	0	0	0	0	0	85.7142857142858
FJ466180.1.1448	0	0	0	0	0	0	0	0	0	0	0	0	0	0	55.5555555555557	0	0	0	0	0	0	0	0	0	0	0	0	0	0	0	0	0	0	0	0	0	0	0	0	0	62.5000000000002	0	0	0	0	0	0
FJ470514.1.1503	0	0	0	0	0	0	0	0	0	0	0	0	0	0	0	0	0	0	0	0	0	0	0	300.000000000001	0	0	0	0	0	0	0	0	0	0	0	0	0	0	0	0	0	0	0	0	0	0	0
FJ470591.1.1499	0	0	0	0	0	0	0	0	0	0	0	0	278.688524590164	0	0	0	0	0	0	0	0	0	0	0	0	0	0	0	0	0	0	0	0	0	0	0	0	0	0	0	0	0	0	0	0	0	0
FJ538159.1.1489	0	0	0	0	0	0	0	20.4081632653061	0	0	0	0	16.3934426229508	0	0	0	0	0	0	0	0	0	0	0	0	0	0	0	0	0	0	0	0	0	0	0	0	0	0	0	62.5000000000002	0	0	0	0	0	0
FJ538164.1.1471	0	0	0	57.1428571428572	0	0	38.4615384615385	0	30.3030303030303	0	0	0	0	0	0	0	0	0	0	0	0	0	0	0	0	0	0	0	0	0	0	62.5000000000002	0	0	0	0	0	0	71.4285714285717	0	0	0	0	0	0	0	28.5714285714286
FJ624896.1.1468	0	0	0	0	0	0	0	0	30.3030303030303	0	31.25	0	0	0	0	100	0	0	43.4782608695653	0	0	0	0	0	0	0	0	0	0	0	0	0	0	0	0	0	0	0	0	100	0	0	62.5000000000002	0	0	0	0
FJ624918.1.1486	0	0	0	0	0	0	0	0	0	0	0	0	0	0	0	0	0	0	0	0	0	0	0	0	0	0	0	0	0	0	0	0	0	0	0	0	0	0	71.4285714285717	0	62.5000000000002	0	0	0	0	0	28.5714285714286
FJ625379.1.1481	0	0	0	0	0	0	0	0	0	0	0	0	0	0	0	100	0	0	0	0	0	0	0	0	0	0	0	454.545454545456	0	0	100	62.5000000000002	0	0	0	0	0	0	0	0	0	0	0	0	0	0	28.5714285714286
FJ684602.1.1480	0	0	0	0	0	0	0	102.040816326531	0	0	0	0	0	0	0	0	0	0	0	0	0	0	0	0	0	0	0	0	0	0	0	0	0	0	0	0	0	0	0	0	0	0	0	0	0	0	0
FJ901047.1.1308	0	0	0	0	0	0	0	0	0	0	0	0	0	34.4827586206897	0	0	0	0	0	0	0	0	0	0	0	0	0	0	0	0	0	0	0	0	0	0	0	0	0	0	0	0	0	100	0	0	0
FJ957835.1.1517	0	0	0	0	0	0	0	0	121.212121212121	0	0	0	0	0	111.111111111111	0	0	0	0	0	0	0	0	0	0	0	0	0	0	0	0	0	0	0	0	0	0	0	0	0	0	0	0	0	0	0	0
FLQT01000003.189534.191041	0	0	0	0	0	0	0	0	0	0	0	0	0	0	0	0	0	0	0	0	0	0	0	0	0	0	0	0	0	0	0	0	0	0	0	0	0	0	0	0	0	0	0	0	0	0	85.7142857142858
FM872962.1.1480	0	0	0	0	0	0	0	0	0	0	0	0	0	0	0	0	0	0	0	0	0	0	0	0	0	0	0	0	0	0	200.000000000001	0	0	0	0	0	0	0	0	0	0	0	0	0	0	0	0
FM873682.1.1495	0	0	0	0	0	0	0	0	0	0	0	0	0	0	0	0	0	0	0	0	0	83.3333333333334	0	0	0	0	0	0	0	0	0	0	0	0	0	21.2765957446809	0	0	0	0	0	0	0	0	0	0	0
FM955864.1.1517	0	0	0	0	0	0	0	0	0	0	0	0	32.7868852459017	0	0	0	0	0	0	0	0	0	0	0	0	0	0	0	0	142.857142857144	0	0	0	0	0	0	0	0	0	0	0	0	0	0	0	0	0
FN667362.1.1484	0	0	0	0	0	0	0	0	0	0	0	0	0	0	0	0	0	0	0	0	0	0	0	0	0	0	0	0	0	0	0	0	0	0	0	0	125.000000000001	0	0	0	0	0	0	0	0	0	0
FNFY01000063.42.1594	0	0	0	0	0	0	0	0	0	0	0	0	0	17.2413793103448	0	0	0	0	0	0	0	0	0	0	0	0	0	0	0	0	0	62.5000000000002	0	0	0	0	0	0	0	0	0	0	0	0	0	0	0
FNLG01000001.4705154.4706639	0	0	0	0	0	0	0	0	0	0	0	0	0	0	0	0	0	0	0	0	0	0	0	0	0	0	0	0	0	0	0	0	0	0	0	0	125.000000000001	0	0	0	0	0	62.5000000000002	0	0	0	0
FNVY01000003.243232.244769	0	0	0	0	0	62.5000000000001	0	0	0	0	0	0	0	0	0	0	0	0	0	0	0	0	0	0	0	0	0	0	0	0	0	0	0	0	0	0	0	0	0	0	0	0	0	0	0	0	0
FOVD01000013.327.1846	935.483870967743	433.333333333334	2862.06896551725	4485.71428571429	2916.66666666667	2843.75	4230.76923076924	3367.34693877551	4000.00000000001	5750.00000000001	10593.75	4846.15384615385	0	0	0	0	0	0	0	0	0	0	0	0	0	0	0	0	0	0	0	0	0	0	0	0	0	0	0	0	0	47.6190476190477	0	100	0	0	0
FPID01000096.6.1486	193.548387096774	0	620.689655172415	1057.14285714286	916.666666666668	1093.75	538.461538461539	285.714285714286	727.272727272728	1477.27272727273	1875	1384.61538461539	0	2758.62068965517	2055.55555555556	0	200.000000000001	0	0	444.444444444447	0	111.111111111111	0	200.000000000001	0	0	0	0	0	0	0	0	0	300.000000000001	0	0	0	0	0	0	0	0	0	0	0	0	57.1428571428572
FPLL01001339.11.1491	0	0	0	0	0	0	0	0	0	0	0	0	0	0	0	0	0	0	43.4782608695653	0	0	0	0	0	0	0	0	0	0	0	0	0	0	0	0	0	0	0	0	0	0	0	62.5000000000002	0	0	0	0
FPLL01008208.16.1521	0	0	0	0	0	0	0	0	60.6060606060607	0	0	0	0	0	0	0	0	0	0	0	0	0	0	0	0	0	0	0	0	0	0	0	0	0	0	0	0	0	0	0	0	0	0	0	0	0	0
FPLM01001007.10.1527	0	0	0	0	0	0	0	0	0	0	0	0	0	0	0	0	0	0	0	0	0	0	0	0	0	0	0	0	0	0	0	0	0	400.000000000002	0	0	0	0	0	0	0	0	0	0	0	0	0
FPLP01001110.16.1473	0	0	0	0	0	0	0	0	242.424242424243	0	0	0	0	0	0	0	0	0	0	0	0	0	0	0	0	0	281.25	0	0	0	0	250.000000000001	0	0	0	0	0	0	142.857142857143	0	0	0	0	0	0	0	0
FPLS01005041.10.1541	0	0	0	0	0	0	0	0	0	45.4545454545455	0	0	0	0	0	0	0	0	0	0	0	0	0	0	0	0	0	0	0	0	0	0	0	0	0	0	0	0	0	0	0	0	0	0	0	0	0
FPLS01006697.30.1498	0	0	172.413793103449	0	0	0	0	61.2244897959184	30.3030303030303	68.1818181818182	31.25	0	327.868852459017	51.7241379310345	0	600.000000000003	100	0	0	0	833.33333333334	55.5555555555556	666.66666666667	200.000000000001	71.4285714285717	307.692307692309	531.250000000001	0	90.9090909090913	285.714285714288	200.000000000001	0	416.666666666668	0	90.9090909090913	0	0	0	0	100	125	0	62.5000000000002	0	0	0	142.857142857143
FPLS01008151.9.1473	0	0	0	85.7142857142858	0	0	0	0	0	0	0	0	0	0	0	0	0	0	0	0	0	0	0	0	0	0	0	0	0	0	0	0	0	0	0	0	0	0	0	0	0	0	0	0	0	0	0
FPLS01016296.23.1536	0	0	0	0	0	0	0	20.4081632653061	0	0	0	0	0	0	0	0	0	0	0	0	0	0	111.111111111112	100	0	0	31.25	0	0	0	0	0	0	0	90.9090909090913	0	0	0	0	0	0	0	62.5000000000002	0	0	0	0
FPLS01016786.18.1481	0	0	0	0	0	0	0	0	0	0	0	0	0	0	0	0	0	0	0	0	0	0	111.111111111112	0	0	0	0	0	0	0	0	0	0	0	0	0	0	0	0	0	0	0	62.5000000000002	0	0	0	0
FPLS01034054.18.1510	0	0	0	0	0	0	0	20.4081632653061	0	0	0	0	0	0	0	0	100	0	0	0	0	0	111.111111111112	0	0	0	0	0	0	0	0	0	0	0	0	0	0	0	0	0	0	0	62.5000000000002	0	0	0	0
FPLS01034583.18.1547	0	0	0	0	0	0	0	0	0	0	0	0	0	0	0	0	0	0	0	0	0	0	111.111111111112	0	0	0	0	0	0	0	0	62.5000000000002	0	0	0	0	0	0	0	0	0	0	0	0	0	0	0
FPLS01043838.10.1533	0	0	0	28.5714285714286	0	0	0	0	0	0	0	0	0	0	55.5555555555557	0	0	0	0	0	166.666666666668	0	0	0	0	0	0	0	0	0	100	62.5000000000002	0	0	0	0	0	0	0	0	0	0	0	200.000000000001	111.111111111112	0	28.5714285714286
FR733696.1.1477	0	0	0	0	0	0	0	0	0	0	0	0	0	0	0	0	0	0	0	0	0	0	0	0	0	0	0	0	272.727272727274	0	0	0	0	0	0	0	0	0	0	0	0	0	0	0	0	0	0
FR746074.1.1400	96.7741935483872	166.666666666667	586.206896551725	314.285714285715	125	187.5	269.23076923077	387.755102040817	1303.0303030303	840.909090909092	1937.5	1179.48717948718	2360.65573770492	362.068965517242	0	0	0	0	0	0	0	0	0	0	0	0	375	363.636363636365	0	142.857142857144	100	0	0	100	0	0	125.000000000001	100	0	100	62.5000000000002	142.857142857143	0	0	0	166.666666666668	0
FWXU01000054.357.1845	0	0	0	0	0	0	0	0	0	0	0	0	0	17.2413793103448	0	0	0	0	0	0	0	0	0	0	0	0	0	0	272.727272727274	0	0	0	0	0	0	0	0	0	0	0	0	0	0	0	0	0	0
GQ002752.1.1345	0	0	0	0	0	0	0	0	0	0	0	0	0	0	0	0	0	0	0	0	0	0	0	0	0	0	562.500000000001	0	0	0	0	0	0	0	0	0	0	0	0	0	0	0	0	0	0	0	0
GQ397046.1.1478	0	0	0	0	0	0	0	0	0	0	0	0	32.7868852459017	0	0	0	0	0	0	0	0	0	0	0	0	0	0	0	0	0	0	0	0	0	0	0	0	0	0	0	0	0	0	0	0	0	0
GQ456061.1.1498	0	0	0	0	0	0	0	0	0	0	0	0	0	0	0	0	0	0	0	0	0	0	0	0	0	0	250	0	0	0	0	0	0	0	0	0	0	0	0	0	0	0	0	0	0	0	0
GQ483458.1.1495	0	66.6666666666668	0	0	0	0	0	0	0	0	0	0	0	0	0	0	0	0	0	0	0	0	0	0	0	0	0	0	0	0	0	125	0	0	0	0	0	0	0	100	0	0	0	0	0	0	28.5714285714286
GU272270.1.1504	0	0	0	0	0	0	0	0	0	45.4545454545455	0	0	0	0	0	0	0	0	0	0	0	0	0	0	0	0	0	0	0	0	0	0	0	0	0	0	0	0	0	0	0	0	0	0	0	0	0
GU353118.1.1416	0	0	0	0	0	31.25	0	0	60.6060606060607	22.7272727272728	0	25.6410256410257	0	0	0	0	0	0	0	0	0	0	0	0	0	0	0	0	0	0	0	0	0	0	0	0	0	0	0	0	0	0	0	0	0	0	0
GU724598.1.1386	0	0	0	0	0	0	0	0	60.6060606060607	0	62.5000000000001	25.6410256410257	32.7868852459017	0	0	0	0	0	0	0	0	0	0	0	0	0	0	0	0	0	0	0	0	0	0	0	0	0	0	0	0	0	0	0	0	0	0
HAEP01038523.44.1571	0	0	0	0	0	0	0	0	0	0	0	0	0	0	0	0	0	0	0	0	0	0	0	0	0	0	0	0	0	0	0	0	0	300.000000000001	0	63.8297872340426	0	0	0	0	0	0	0	0	0	0	0
HE604017.1.1544	0	0	0	0	0	0	0	0	0	0	0	0	0	0	0	100	100	0	0	0	166.666666666668	0	0	0	142.857142857143	0	0	0	0	0	0	0	0	0	90.9090909090913	0	0	0	0	100	0	0	0	0	111.111111111112	0	28.5714285714286
HG798473.1.1438	0	0	103.448275862069	0	0	0	0	0	0	0	0	0	0	0	0	0	0	0	0	0	0	0	0	0	0	0	0	0	0	0	0	0	0	0	0	0	0	0	0	0	0	0	0	0	0	0	0
HK555765.1.1498	0	0	103.448275862069	0	0	0	0	0	0	0	0	0	0	0	0	0	0	0	0	0	0	0	0	0	0	0	0	0	0	0	0	0	0	0	0	0	0	0	0	0	0	0	0	0	0	0	0
HK556428.10.1520	0	0	0	0	0	0	0	0	0	0	0	0	0	0	0	0	0	0	0	0	0	0	0	0	0	0	0	0	0	0	0	0	0	0	0	0	0	0	0	0	0	0	0	0	0	0	1000
HQ118950.1.1461	0	0	0	0	0	0	0	0	0	0	0	0	0	0	0	0	100	0	0	0	0	0	0	0	0	0	0	0	0	0	0	0	0	0	0	0	0	0	0	0	0	0	0	0	0	0	0
HQ121200.1.1459	0	0	275.862068965518	0	0	0	0	0	0	0	0	0	0	0	0	0	0	0	0	0	0	0	0	0	0	0	0	0	0	0	0	0	0	0	0	170.212765957447	0	0	0	0	0	0	0	0	0	0	0
HQ588841.1.1483	0	0	0	0	0	0	0	0	0	0	0	0	0	0	0	0	0	0	0	0	0	0	0	0	0	0	0	0	0	0	0	0	0	0	0	0	0	0	0	0	0	0	0	200.000000000001	0	0	0
HQ598546.1.1472	0	0	0	0	0	0	0	0	0	0	0	0	0	0	0	0	0	0	86.9565217391306	0	0	0	0	0	0	0	0	0	0	0	0	0	0	0	0	0	0	0	0	0	0	0	0	0	0	0	0
HQ819138.1.1432	0	0	0	0	0	0	0	0	0	0	0	0	0	0	0	0	0	0	0	0	0	0	0	0	0	0	0	0	0	0	0	0	0	0	0	0	0	0	0	0	0	0	0	0	0	0	57.1428571428572
JF429008.1.1523	0	0	0	0	0	0	0	0	0	0	0	0	344.262295081967	0	0	0	0	0	0	0	0	0	0	0	0	0	0	0	0	0	0	0	0	0	0	0	0	0	71.4285714285717	0	0	0	0	0	0	0	0
JF429061.1.1490	0	0	0	0	0	0	0	0	0	0	0	0	0	0	0	0	0	0	0	0	0	0	0	0	0	0	0	0	0	0	0	0	0	0	0	0	250.000000000001	0	0	0	0	0	62.5000000000002	0	0	0	28.5714285714286
JF833468.1.1560	32.2580645161291	0	0	0	0	0	0	0	0	0	31.25	0	0	0	0	0	0	0	0	0	0	0	0	100	0	0	0	0	0	0	0	0	83.3333333333337	0	0	0	125.000000000001	0	71.4285714285717	0	0	0	125	0	0	0	0
JN082536.1.1536	96.7741935483872	66.6666666666668	0	0	0	62.5000000000001	115.384615384616	0	121.212121212121	90.909090909091	31.25	0	442.622950819672	293.103448275862	0	3300.00000000002	700.000000000003	0	0	444.444444444447	0	0	666.66666666667	0	0	923.076923076926	0	90.9090909090913	181.818181818183	0	0	62.5000000000002	0	0	0	191.489361702128	500.000000000003	100	0	0	375.000000000001	95.2380952380955	0	0	0	0	0
JN178076.1.1488	0	0	0	0	0	0	0	0	0	0	0	0	0	0	55.5555555555557	0	0	0	0	0	0	0	0	0	0	0	0	0	0	0	100	0	0	0	0	0	0	0	71.4285714285717	0	0	0	0	0	0	0	85.7142857142858
JN615640.1.1300	64.5161290322581	0	0	0	0	0	38.4615384615385	0	0	0	0	0	0	0	0	0	0	0	0	0	0	0	0	0	0	0	0	0	0	0	0	0	0	0	0	0	0	0	0	0	0	0	0	0	0	0	0
JN643087.1.1231	0	0	0	0	0	0	0	0	0	0	0	0	0	0	0	0	0	0	43.4782608695653	0	0	0	0	0	0	0	0	0	0	0	0	0	83.3333333333337	0	0	0	0	0	0	0	62.5000000000002	0	0	0	0	0	0
JN685499.1.1475	0	0	0	0	0	0	0	0	0	0	0	0	0	0	0	0	0	0	0	0	0	0	777.777777777782	0	0	0	0	0	0	0	0	0	0	0	0	0	0	0	0	0	0	0	0	0	0	0	0
JN695913.1.1530	0	0	0	0	0	0	0	0	0	0	0	0	0	0	0	0	0	0	0	0	0	0	0	0	0	0	0	0	0	0	0	125	0	0	0	0	0	0	0	0	0	0	0	0	0	0	0
JN868932.1.1483	0	0	0	28.5714285714286	0	0	0	0	0	0	0	0	0	0	0	0	0	0	0	0	833.33333333334	0	0	0	0	0	31.25	181.818181818183	0	0	200.000000000001	0	0	0	0	0	0	0	0	0	0	0	0	0	0	0	28.5714285714286
JN982124.1.1547	0	0	0	0	0	0	0	0	0	0	0	0	0	0	0	0	0	0	0	111.111111111112	0	0	0	100	0	0	0	0	0	0	0	0	0	0	0	0	0	0	0	0	0	0	0	100	0	0	0
JPVS01000021.3471.5001	0	0	68.9655172413794	0	0	0	0	0	0	0	0	0	0	0	0	0	0	0	0	0	0	0	0	0	0	0	0	0	0	0	0	0	0	0	0	0	0	0	0	0	0	0	0	0	0	0	0
JQ323112.1.1428	0	0	0	0	0	0	0	0	0	0	0	0	0	0	0	0	0	0	0	0	0	0	0	0	214.285714285715	0	0	0	0	0	0	0	0	0	0	0	0	0	0	0	0	0	0	0	0	0	0
JQ426327.1.1441	0	0	0	28.5714285714286	0	0	0	0	0	0	0	0	0	0	0	0	0	0	0	0	0	0	0	0	0	0	0	1090.9090909091	0	0	0	0	0	0	0	0	0	0	0	0	0	0	0	0	0	0	0
JQ770065.1.1478	0	0	0	0	0	0	0	0	0	0	0	0	0	0	0	0	0	0	0	0	0	0	0	0	0	0	0	0	0	0	0	0	0	0	0	0	0	0	0	300.000000000001	0	0	0	0	0	0	0
JQ805719.1.1575	0	0	0	57.1428571428572	0	0	0	0	0	0	0	0	0	0	0	0	0	0	0	0	0	0	0	0	0	0	0	0	0	0	0	0	0	0	0	0	0	0	0	0	0	0	0	0	0	0	0
JQ975872.1.1501	0	0	0	0	0	0	0	0	0	0	0	0	0	0	0	0	0	0	0	0	166.666666666668	0	0	0	0	0	0	0	0	0	0	0	0	0	0	0	0	0	0	0	0	0	0	0	0	0	0
JQ978553.1.1487	0	0	0	0	0	0	0	0	0	0	0	0	0	0	0	0	0	0	0	0	0	0	0	0	0	0	0	0	0	0	0	0	0	0	0	0	0	0	0	0	0	142.857142857143	0	0	0	0	0
JRMZ01000096.57.1625	0	0	0	0	0	0	0	0	0	0	0	0	0	0	0	0	0	0	0	0	0	0	0	0	0	0	0	0	0	0	0	0	0	0	0	0	0	0	0	0	0	0	0	0	0	0	85.7142857142858
JUOP01000215.81.1657	516.129032258065	266.666666666667	2620.68965517242	3942.85714285715	1458.33333333334	1687.5	1769.23076923077	4040.81632653062	1969.69696969697	2000	1500	1025.64102564103	409.836065573771	6172.41379310345	55.5555555555557	0	200.000000000001	0	0	444.444444444447	0	388.888888888889	0	0	428.57142857143	0	375	0	0	0	0	0	0	0	0	0	0	0	71.4285714285717	400.000000000002	687.500000000002	190.476190476191	0	0	0	0	171.428571428572
JX025749.1.1465	0	0	0	0	41.6666666666667	0	38.4615384615385	0	0	0	31.25	0	16.3934426229508	0	55.5555555555557	0	0	0	0	111.111111111112	0	0	0	0	0	0	31.25	0	0	0	0	0	0	0	0	0	0	0	0	0	62.5000000000002	0	0	0	0	0	28.5714285714286
JX095748.1.1259	0	0	0	0	0	0	0	0	0	0	0	0	0	0	0	0	0	0	0	0	0	0	0	0	0	0	0	0	0	0	0	0	0	0	727.27272727273	1127.65957446809	0	0	0	0	0	0	0	0	0	0	0
JX898169.1.1549	0	0	0	0	0	0	0	0	0	68.1818181818182	62.5000000000001	0	0	0	0	0	0	0	0	0	0	0	111.111111111112	0	71.4285714285717	0	0	0	0	0	0	0	0	0	0	0	0	0	0	0	0	0	0	0	0	0	0
KC179055.1.1493	0	0	0	0	0	0	0	102.040816326531	0	113.636363636364	0	0	0	34.4827586206897	166.666666666667	0	0	0	0	0	0	0	0	0	0	0	0	818.181818181821	0	0	0	0	0	0	545.454545454548	0	0	0	0	0	0	0	0	0	0	0	0
KC245377.1.1468	0	0	0	0	0	0	0	0	0	0	0	102.564102564103	0	0	0	0	0	0	0	0	0	0	0	0	0	0	0	0	0	0	0	0	0	0	0	0	0	0	0	0	0	0	0	0	0	0	0
KC331451.1.1485	0	0	0	0	0	0	0	0	0	0	0	0	0	0	0	0	0	0	0	0	0	0	0	0	0	0	0	0	454.545454545456	0	0	0	0	0	0	0	0	0	0	0	0	0	0	0	0	0	0
KC502951.1.1538	32.2580645161291	0	34.4827586206897	0	41.6666666666667	0	38.4615384615385	0	0	0	0	0	0	0	55.5555555555557	100	0	0	86.9565217391306	0	0	0	0	0	0	0	31.25	0	0	0	100	62.5000000000002	0	0	0	0	0	0	71.4285714285717	0	62.5000000000002	0	0	0	0	0	28.5714285714286
KC541303.1.1536	0	0	0	0	0	0	0	0	0	0	0	0	0	86.2068965517242	0	0	0	0	0	0	0	0	0	0	0	0	0	0	0	0	0	0	0	0	0	0	0	0	0	0	0	0	0	0	0	0	0
KC683892.1.1440	0	0	0	0	0	0	0	0	0	0	0	0	0	0	111.111111111111	0	0	0	0	0	0	0	0	0	0	0	0	0	0	0	0	0	0	0	0	0	0	0	0	0	0	0	0	0	0	0	0
KC702834.1.1370	0	0	0	0	0	0	0	0	0	0	0	0	0	0	0	0	0	0	130.434782608696	0	0	0	0	0	0	0	0	0	0	0	0	0	0	0	0	0	0	0	0	0	0	0	0	0	0	0	0
KC734171.1.1416	32.2580645161291	0	0	0	0	0	0	0	0	0	0	0	0	0	0	0	0	0	0	0	0	111.111111111111	0	0	0	0	0	0	0	0	0	0	0	0	0	0	0	0	0	0	0	0	0	0	0	0	0
KF026285.1.1556	0	0	34.4827586206897	57.1428571428572	0	31.25	0	102.040816326531	0	68.1818181818182	125	0	0	17.2413793103448	0	0	0	0	0	0	0	27.7777777777778	0	0	0	0	0	0	0	0	0	0	0	0	0	0	0	0	0	0	0	0	0	0	0	0	0
KF092747.1.1354	0	0	0	0	0	0	0	0	0	0	0	0	0	0	0	0	0	0	0	0	0	0	0	0	0	0	0	0	0	0	0	0	0	0	0	170.212765957447	0	0	0	0	0	0	0	0	0	0	57.1428571428572
KF098901.1.1346	0	0	0	0	0	0	0	0	0	0	0	0	0	0	0	0	0	0	86.9565217391306	0	0	0	0	0	0	0	0	0	0	0	0	0	0	0	0	0	0	0	0	0	0	0	0	0	0	0	0
KF100212.1.1344	0	0	0	0	0	0	0	0	0	0	0	0	0	0	0	0	0	0	43.4782608695653	0	0	0	0	0	0	0	0	0	0	0	0	0	0	0	0	446.808510638298	0	0	0	0	0	0	0	100	0	0	142.857142857143
KF441650.1.1527	0	0	0	0	0	0	0	0	0	0	0	0	0	0	55.5555555555557	0	0	0	43.4782608695653	0	0	0	0	0	0	0	0	0	545.454545454548	0	0	0	0	0	0	0	0	0	0	0	0	0	0	0	222.222222222223	0	28.5714285714286
KF625186.1.1741	774.193548387098	733.333333333334	4965.51724137932	7285.7142857143	1791.66666666667	2156.25	2692.3076923077	4673.46938775511	2484.84848484849	4136.36363636364	3093.75	2769.23076923077	377.049180327869	10155.1724137931	3222.22222222223	0	0	333.333333333335	130.434782608696	222.222222222223	0	694.444444444445	0	200.000000000001	1142.85714285715	0	218.75	909.090909090913	0	0	0	62.5000000000002	416.666666666668	0	0	0	0	300.000000000001	0	700.000000000003	187.500000000001	0	187.500000000001	0	0	166.666666666668	0
KF928782.1.1516	0	0	0	0	0	0	0	0	0	0	31.25	0	0	51.7241379310345	0	0	0	0	0	0	0	0	0	0	0	0	0	0	0	0	0	0	0	0	0	0	0	0	0	0	0	0	0	0	0	0	0
KJ081619.1.1553	0	0	0	0	0	0	0	0	0	0	0	0	0	0	0	0	0	0	0	0	0	0	0	0	0	0	0	0	0	0	0	0	0	0	0	0	0	0	0	0	62.5000000000002	0	62.5000000000002	0	0	833.33333333334	0
KJ191926.1.1499	0	0	0	0	0	0	0	0	0	0	0	0	0	0	0	0	0	0	0	0	0	0	0	0	0	0	0	0	0	0	0	0	0	0	0	0	0	0	0	0	0	0	0	0	0	0	57.1428571428572
KJ410541.1.1362	0	0	0	0	0	0	0	20.4081632653061	30.3030303030303	0	0	0	0	0	0	0	0	0	43.4782608695653	0	0	0	0	100	0	0	31.25	0	0	0	0	62.5000000000002	0	0	0	0	0	0	0	0	62.5000000000002	0	0	0	0	0	0
KJ878597.1.1448	0	0	0	0	0	0	38.4615384615385	0	0	0	0	0	0	0	0	0	0	0	0	0	166.666666666668	0	0	0	0	0	0	0	0	0	0	0	0	0	0	0	0	0	0	0	62.5000000000002	0	0	0	0	0	0
KJ955641.1.1496	0	33.3333333333334	34.4827586206897	0	0	31.25	0	0	0	0	62.5000000000001	0	0	0	0	0	0	111.111111111112	43.4782608695653	0	0	0	111.111111111112	0	71.4285714285717	0	187.5	0	0	0	0	0	0	0	0	0	0	0	142.857142857143	0	0	0	250.000000000001	0	0	0	28.5714285714286
KM200397.1.1507	0	0	0	0	0	0	0	0	0	0	31.25	0	0	0	0	0	0	0	0	0	0	0	0	0	0	0	31.25	90.9090909090913	0	0	0	0	0	0	0	0	0	0	0	0	0	0	0	0	0	0	0
KM200448.1.1512	0	0	0	0	0	0	0	0	0	0	0	25.6410256410257	0	0	0	0	0	0	0	0	0	0	111.111111111112	0	0	0	0	0	0	0	0	62.5000000000002	0	0	0	0	0	0	71.4285714285717	0	0	0	0	0	0	0	0
KM200557.1.1526	0	0	0	0	0	0	0	0	0	0	0	0	0	0	55.5555555555557	0	0	0	0	0	0	0	0	0	0	0	0	0	0	0	0	0	0	0	0	0	0	0	0	0	0	0	125	0	0	0	0
KM210514.1.1481	0	0	0	0	0	0	76.923076923077	0	181.818181818182	0	0	0	0	189.655172413793	0	0	0	0	0	111.111111111112	0	138.888888888889	0	0	0	0	62.5000000000001	272.727272727274	0	0	0	0	0	0	0	0	0	200.000000000001	71.4285714285717	0	0	0	0	0	0	0	0
KP096372.1.1487	0	0	0	0	41.6666666666667	0	0	0	0	0	31.25	25.6410256410257	0	0	0	0	0	0	0	0	0	0	0	0	0	0	0	0	0	0	0	0	0	0	0	0	0	0	0	0	0	0	0	0	0	0	0
KP735610.1.1442	0	0	0	0	0	0	76.923076923077	40.8163265306123	60.6060606060607	0	0	0	0	51.7241379310345	0	0	0	0	0	0	0	27.7777777777778	0	0	0	0	0	0	0	0	0	0	0	0	0	0	0	0	0	0	0	0	62.5000000000002	0	0	0	0
KR026982.1.1447	129.032258064516	0	965.517241379312	1371.42857142857	541.666666666668	875.000000000001	692.307692307693	244.897959183674	424.242424242425	977.272727272728	1437.5	717.948717948719	0	1965.51724137931	666.666666666668	100	100	0	0	111.111111111112	0	138.888888888889	0	100	71.4285714285717	76.9230769230772	0	0	0	0	0	0	0	0	0	170.212765957447	0	0	0	0	250.000000000001	0	0	0	0	0	0
KR029299.1.1517	0	0	0	0	0	0	0	0	0	0	0	25.6410256410257	0	0	55.5555555555557	0	0	0	86.9565217391306	0	0	0	0	0	0	0	0	0	0	0	100	62.5000000000002	0	100	90.9090909090913	0	0	0	0	0	62.5000000000002	142.857142857143	0	200.000000000001	0	166.666666666668	28.5714285714286
KR088380.1.1569	0	0	34.4827586206897	85.7142857142858	0	187.5	115.384615384616	81.6326530612246	0	0	31.25	25.6410256410257	0	0	0	0	0	0	0	111.111111111112	0	0	0	0	0	2076.92307692308	0	0	0	428.571428571431	0	0	0	0	0	191.489361702128	0	0	71.4285714285717	0	0	0	125	0	111.111111111112	0	0
KR088538.1.1521	0	0	0	0	0	0	0	0	0	0	0	25.6410256410257	16.3934426229508	0	0	0	0	0	0	0	0	0	0	0	0	0	0	0	0	0	0	125	0	0	0	42.5531914893617	0	0	0	0	0	0	0	0	0	0	0
KR611043.1.1553	0	0	0	0	0	31.25	0	0	0	0	0	0	0	0	0	0	0	0	0	0	0	0	0	0	0	0	0	0	0	0	0	0	0	0	0	0	0	0	0	0	0	0	0	0	0	0	0
KT003266.1.1254	0	0	0	0	83.3333333333335	0	0	0	0	0	0	0	0	0	0	0	0	0	0	0	0	0	0	0	0	0	0	0	0	0	0	0	0	0	0	0	0	0	0	0	0	0	0	0	0	0	0
KX239137.1.1326	0	0	0	0	0	0	0	0	0	0	0	0	0	0	0	0	0	0	0	0	0	0	0	0	0	0	0	181.818181818183	0	0	0	0	0	0	0	0	0	0	0	0	0	0	0	0	0	0	0
KX603599.1.1394	0	0	0	0	0	0	0	0	0	0	0	0	0	0	0	0	100	0	0	0	0	0	0	0	0	0	0	0	0	0	0	0	0	0	0	0	0	0	0	0	0	0	0	0	0	0	0
KX753099.1.1468	0	0	0	0	0	0	76.923076923077	0	0	0	31.25	0	0	0	0	100	0	0	0	0	0	0	0	0	0	0	0	0	90.9090909090913	0	0	0	0	0	0	0	125.000000000001	0	0	0	0	0	0	100	0	0	0
KY646001.1.1573	806.451612903227	200	2068.96551724138	3085.71428571429	666.666666666668	1218.75	1461.53846153846	1020.40816326531	1878.78787878788	2340.90909090909	2718.75	2615.38461538462	1032.7868852459	7310.34482758621	777.77777777778	300.000000000001	200.000000000001	222.222222222223	0	222.222222222223	0	416.666666666667	0	100	214.285714285715	307.692307692309	375	90.9090909090913	0	0	0	62.5000000000002	250.000000000001	0	90.9090909090913	0	0	0	0	600.000000000003	750.000000000002	142.857142857143	687.500000000002	0	0	0	257.142857142857
KY777444.1.1555	0	0	0	0	0	0	0	0	60.6060606060607	0	0	0	0	17.2413793103448	0	0	0	0	0	0	0	0	0	0	0	0	0	0	0	0	0	0	0	0	0	0	0	0	0	0	0	0	0	0	0	0	0
KY777463.1.1542	193.548387096774	0	137.931034482759	0	0	0	0	0	0	0	0	25.6410256410257	0	0	111.111111111111	0	0	0	0	0	166.666666666668	0	0	0	0	0	0	0	0	0	0	0	0	0	0	0	250.000000000001	0	0	0	0	0	0	0	0	0	0
LBNF01000094.61.1632	0	0	0	0	0	0	0	0	0	0	0	0	0	0	0	0	0	0	0	0	0	0	0	0	0	0	0	0	0	0	0	0	0	0	0	0	0	0	0	0	0	0	0	0	0	0	200
LKHO01000001.198.1803	451.612903225807	466.666666666667	1482.75862068966	942.857142857144	1208.33333333334	750.000000000001	1000	1102.04081632653	909.09090909091	1772.72727272727	1312.5	948.71794871795	147.540983606557	5827.58620689656	388.88888888889	300.000000000001	0	444.444444444447	0	111.111111111112	0	1944.44444444445	0	0	214.285714285715	2615.38461538462	187.5	90.9090909090913	0	0	0	0	250.000000000001	0	0	0	0	0	0	1000	750.000000000002	0	0	0	0	0	171.428571428572
LN833510.1.1446	0	0	0	0	0	0	0	0	0	0	0	0	0	0	0	0	0	0	0	0	0	0	0	0	0	0	406.250000000001	0	0	0	0	0	0	0	0	0	0	0	0	0	0	0	0	0	0	0	0
LSJY01000164.4318.5798	0	0	0	0	0	0	0	0	0	0	0	0	0	0	0	0	0	0	0	0	500.000000000004	0	0	0	0	0	0	0	0	0	0	0	0	0	0	0	0	0	0	0	0	0	0	0	0	0	0
MRYB01000024.88.1684	96.7741935483872	0	0	0	0	0	0	0	0	0	0	0	0	0	0	0	0	0	0	0	0	0	0	0	0	0	0	0	0	0	0	0	0	0	0	0	0	0	0	0	0	0	0	0	0	0	0
MTIS01000005.1947007.1948557	0	0	0	0	0	0	0	40.8163265306123	30.3030303030303	0	0	0	0	51.7241379310345	0	0	0	0	0	0	0	0	0	0	0	0	0	0	0	0	0	0	0	0	0	0	0	0	0	0	62.5000000000002	0	0	0	0	0	0
X92356.1.1482	0	0	0	0	0	0	0	0	0	0	0	0	0	0	0	0	0	0	0	0	0	0	0	0	285.714285714287	0	0	0	0	0	0	0	0	0	0	0	0	0	0	0	0	0	0	0	0	0	0
Y07576.1.1528	0	0	0	0	0	0	38.4615384615385	0	0	0	0	0	262.295081967213	0	0	0	0	0	0	0	0	0	0	0	0	0	0	0	0	0	0	0	0	0	0	0	0	0	0	100	0	0	0	100	0	0	0
